num;typeposition;size;angle;response;octave;class_id
example = ;< cv2.KeyPoint 0000023F4BEE1930>
0;<class 'cv2.KeyPoint'>;(85.08625030517578, 10.11877727508545);2.2167952060699463;266.40521240234375;0.037239573895931244;15204863;-1
1;<class 'cv2.KeyPoint'>;(601.2632446289062, 289.149169921875);2.124877452850342;147.45672607421875;0.03437117859721184;12190207;-1
2;<class 'cv2.KeyPoint'>;(62.8438720703125, 106.77064514160156);6.471102237701416;330.6858825683594;0.03937021642923355;9175808;-1
3;<class 'cv2.KeyPoint'>;(601.2632446289062, 289.149169921875);2.124877452850342;114.38697814941406;0.03437117859721184;12190207;-1
4;<class 'cv2.KeyPoint'>;(338.14154052734375, 569.9462890625);9.202265739440918;237.42974853515625;0.038056500256061554;1180161;-1
5;<class 'cv2.KeyPoint'>;(137.3677978515625, 693.7135009765625);10.400918006896973;64.06527709960938;0.03681548684835434;10027521;-1
6;<class 'cv2.KeyPoint'>;(556.4933471679688, 64.1865005493164);2.280060291290283;268.3243408203125;0.03400961309671402;525055;-1
7;<class 'cv2.KeyPoint'>;(85.08625030517578, 10.11877727508545);2.2167952060699463;85.12130737304688;0.037239573895931244;15204863;-1
8;<class 'cv2.KeyPoint'>;(388.22625732421875, 604.1964721679688);1.9354345798492432;56.490966796875;0.03539358824491501;5439999;-1
9;<class 'cv2.KeyPoint'>;(598.0260620117188, 169.25669860839844);2.5584161281585693;182.57034301757812;0.0421663299202919;8913663;-1
10;<class 'cv2.KeyPoint'>;(258.444580078125, 606.885009765625);8.383993148803711;60.014251708984375;0.03722408413887024;11206913;-1
11;<class 'cv2.KeyPoint'>;(258.444580078125, 606.885009765625);8.383993148803711;249.14825439453125;0.03722408413887024;11206913;-1
12;<class 'cv2.KeyPoint'>;(133.9122772216797, 727.4694213867188);8.338526725769043;342.3285217285156;0.0478532649576664;10813697;-1
13;<class 'cv2.KeyPoint'>;(133.08445739746094, 730.4637451171875);2.6751086711883545;327.7639465332031;0.03677298501133919;12124927;-1
14;<class 'cv2.KeyPoint'>;(217.29151916503906, 73.1378402709961);2.191908597946167;27.18902587890625;0.03668372333049774;14418431;-1
15;<class 'cv2.KeyPoint'>;(217.29151916503906, 73.1378402709961);2.191908597946167;125.59237670898438;0.03668372333049774;14418431;-1
16;<class 'cv2.KeyPoint'>;(355.3362731933594, 700.2710571289062);1.970624327659607;208.5919647216797;0.03896817937493324;6685183;-1
17;<class 'cv2.KeyPoint'>;(640.4306640625, 280.17449951171875);2.331576347351074;108.86628723144531;0.03523966297507286;2163455;-1
18;<class 'cv2.KeyPoint'>;(355.3362731933594, 700.2710571289062);1.970624327659607;119.60966491699219;0.03896817937493324;6685183;-1
19;<class 'cv2.KeyPoint'>;(400.1441345214844, 373.2829895019531);2.339195966720581;319.5154724121094;0.036502428352832794;2425599;-1
20;<class 'cv2.KeyPoint'>;(58.22157287597656, 574.201416015625);2.3380610942840576;322.32598876953125;0.03540670499205589;2360063;-1
21;<class 'cv2.KeyPoint'>;(58.22157287597656, 574.201416015625);2.3380610942840576;20.566070556640625;0.03540670499205589;2360063;-1
22;<class 'cv2.KeyPoint'>;(352.2890930175781, 31.254051208496094);2.319902181625366;123.39353942871094;0.03734194487333298;1835775;-1
23;<class 'cv2.KeyPoint'>;(498.7748718261719, 148.22032165527344);3.1586196422576904;277.83721923828125;0.03977324441075325;7406591;-1
24;<class 'cv2.KeyPoint'>;(352.2890930175781, 31.254051208496094);2.319902181625366;285.906494140625;0.03734194487333298;1835775;-1
25;<class 'cv2.KeyPoint'>;(730.1629638671875, 188.6010284423828);3.9231984615325928;354.6119689941406;0.034339576959609985;6357248;-1
26;<class 'cv2.KeyPoint'>;(730.1629638671875, 188.6010284423828);3.9231984615325928;313.0660400390625;0.034339576959609985;6357248;-1
27;<class 'cv2.KeyPoint'>;(84.89058685302734, 696.6880493164062);3.491568088531494;89.68234252929688;0.036454398185014725;14681087;-1
28;<class 'cv2.KeyPoint'>;(388.1533508300781, 112.26081085205078);2.3661139011383057;89.99057006835938;0.03405892848968506;3212031;-1
29;<class 'cv2.KeyPoint'>;(84.89058685302734, 696.6880493164062);3.491568088531494;306.0462341308594;0.036454398185014725;14681087;-1
30;<class 'cv2.KeyPoint'>;(47.7310791015625, 707.9683227539062);6.199810028076172;78.75704956054688;0.03640659898519516;6030080;-1
31;<class 'cv2.KeyPoint'>;(127.19490814208984, 322.1994323730469);2.160970449447632;348.1246337890625;0.03559771552681923;13369855;-1
32;<class 'cv2.KeyPoint'>;(670.0911254882812, 10.137401580810547);2.6977040767669678;149.44786071777344;0.03428158164024353;12714751;-1
33;<class 'cv2.KeyPoint'>;(355.3362731933594, 700.2710571289062);1.970624327659607;11.971771240234375;0.03896817937493324;6685183;-1
34;<class 'cv2.KeyPoint'>;(694.1989135742188, 484.28375244140625);2.4538114070892334;80.72280883789062;0.03400653973221779;5833471;-1
35;<class 'cv2.KeyPoint'>;(55.82215118408203, 84.53112030029297);4.047122955322266;343.2491455078125;0.03443269059062004;8651008;-1
36;<class 'cv2.KeyPoint'>;(400.1441345214844, 373.2829895019531);2.339195966720581;169.53012084960938;0.036502428352832794;2425599;-1
37;<class 'cv2.KeyPoint'>;(430.33892822265625, 10.247889518737793);2.340991735458374;17.987396240234375;0.0360105074942112;2491135;-1
38;<class 'cv2.KeyPoint'>;(346.1754455566406, 52.22797775268555);1.9438982009887695;91.6533203125;0.03556353598833084;5702143;-1
39;<class 'cv2.KeyPoint'>;(358.37750244140625, 493.1138916015625);2.277027130126953;166.90145874023438;0.03966471552848816;459519;-1
40;<class 'cv2.KeyPoint'>;(358.37750244140625, 493.1138916015625);2.277027130126953;359.4058837890625;0.03966471552848816;459519;-1
41;<class 'cv2.KeyPoint'>;(670.0911254882812, 10.137401580810547);2.6977040767669678;303.7933349609375;0.03428158164024353;12714751;-1
42;<class 'cv2.KeyPoint'>;(712.2994995117188, 7.346271514892578);2.149463415145874;141.33709716796875;0.03658892214298248;12976639;-1
43;<class 'cv2.KeyPoint'>;(335.40875244140625, 707.080078125);7.334886074066162;198.26846313476562;0.036231234669685364;1507585;-1
44;<class 'cv2.KeyPoint'>;(670.2940673828125, 202.3065185546875);2.266563892364502;99.29681396484375;0.039468832314014435;131839;-1
45;<class 'cv2.KeyPoint'>;(169.37646484375, 661.2212524414062);2.6137378215789795;243.2802276611328;0.03655382618308067;10420991;-1
46;<class 'cv2.KeyPoint'>;(283.59857177734375, 596.3606567382812);10.878813743591309;72.7032470703125;0.03581475839018822;13304321;-1
47;<class 'cv2.KeyPoint'>;(670.2940673828125, 202.3065185546875);2.266563892364502;257.76654052734375;0.039468832314014435;131839;-1
48;<class 'cv2.KeyPoint'>;(493.42724609375, 99.9263916015625);2.769043207168579;357.4457702636719;0.03514384478330612;14615295;-1
49;<class 'cv2.KeyPoint'>;(361.192626953125, 121.44599151611328);2.3503379821777344;100.13790893554688;0.040196098387241364;2753279;-1
50;<class 'cv2.KeyPoint'>;(169.37646484375, 661.2212524414062);2.6137378215789795;50.63690185546875;0.03655382618308067;10420991;-1
51;<class 'cv2.KeyPoint'>;(466.4891052246094, 713.5369262695312);3.5605628490448;238.47543334960938;0.03429530933499336;16057343;-1
52;<class 'cv2.KeyPoint'>;(466.4891052246094, 713.5369262695312);3.5605628490448;33.1890869140625;0.03429530933499336;16057343;-1
53;<class 'cv2.KeyPoint'>;(676.0481567382812, 232.37220764160156);2.4401819705963135;210.00778198242188;0.033954937011003494;5440255;-1
54;<class 'cv2.KeyPoint'>;(706.2545166015625, 295.2582092285156);2.0123138427734375;336.5110778808594;0.03621244430541992;8258047;-1
55;<class 'cv2.KeyPoint'>;(676.0481567382812, 232.37220764160156);2.4401819705963135;296.6724548339844;0.033954937011003494;5440255;-1
56;<class 'cv2.KeyPoint'>;(163.4624481201172, 683.5958251953125);5.976022243499756;235.84817504882812;0.05329253897070885;3408640;-1
57;<class 'cv2.KeyPoint'>;(706.2545166015625, 295.2582092285156);2.0123138427734375;156.85784912109375;0.03621244430541992;8258047;-1
58;<class 'cv2.KeyPoint'>;(361.192626953125, 121.44599151611328);2.3503379821777344;310.2098693847656;0.040196098387241364;2753279;-1
59;<class 'cv2.KeyPoint'>;(30.757352828979492, 760.4786376953125);4.414063930511475;18.202484130859375;0.03578866645693779;14876928;-1
60;<class 'cv2.KeyPoint'>;(89.15110778808594, 706.4674072265625);10.583054542541504;265.437255859375;0.037988461554050446;11338241;-1
61;<class 'cv2.KeyPoint'>;(89.17988586425781, 692.4039916992188);4.249827861785889;191.83865356445312;0.03952443599700928;12189952;-1
62;<class 'cv2.KeyPoint'>;(346.1754455566406, 52.22797775268555);1.9438982009887695;291.5774841308594;0.03556353598833084;5702143;-1
63;<class 'cv2.KeyPoint'>;(193.155029296875, 118.67548370361328);3.378906726837158;328.5606994628906;0.03638600558042526;12321791;-1
64;<class 'cv2.KeyPoint'>;(42.99553680419922, 10.174299240112305);2.5333340167999268;183.75347900390625;0.035801567137241364;8192767;-1
65;<class 'cv2.KeyPoint'>;(703.4722900390625, 238.17935180664062);2.501366376876831;67.3740234375;0.03559757396578789;7275263;-1
66;<class 'cv2.KeyPoint'>;(49.441551208496094, 58.9498176574707);4.865217685699463;166.96224975585938;0.04046113044023514;5243392;-1
67;<class 'cv2.KeyPoint'>;(123.90480041503906, 531.9387817382812);3.9433658123016357;211.7466583251953;0.03812616318464279;6750464;-1
68;<class 'cv2.KeyPoint'>;(169.25567626953125, 481.25848388671875);1.944591760635376;193.1055450439453;0.03780974820256233;5767679;-1
69;<class 'cv2.KeyPoint'>;(169.25567626953125, 481.25848388671875);1.944591760635376;7.1607666015625;0.03780974820256233;5767679;-1
70;<class 'cv2.KeyPoint'>;(670.0911254882812, 10.137401580810547);2.6977040767669678;33.00103759765625;0.03428158164024353;12714751;-1
71;<class 'cv2.KeyPoint'>;(40.15308380126953, 277.2035827636719);2.3532941341400146;286.68017578125;0.04985897243022919;2818815;-1
72;<class 'cv2.KeyPoint'>;(49.441551208496094, 58.9498176574707);4.865217685699463;341.85308837890625;0.04046113044023514;5243392;-1
73;<class 'cv2.KeyPoint'>;(712.2994995117188, 7.346271514892578);2.149463415145874;338.3494873046875;0.03658892214298248;12976639;-1
74;<class 'cv2.KeyPoint'>;(123.90480041503906, 531.9387817382812);3.9433658123016357;99.46652221679688;0.03812616318464279;6750464;-1
75;<class 'cv2.KeyPoint'>;(316.21478271484375, 100.23067474365234);1.927729606628418;86.89523315429688;0.034225091338157654;5112319;-1
76;<class 'cv2.KeyPoint'>;(316.21478271484375, 100.23067474365234);1.927729606628418;251.64923095703125;0.034225091338157654;5112319;-1
77;<class 'cv2.KeyPoint'>;(338.14154052734375, 569.9462890625);9.202265739440918;71.4342041015625;0.038056500256061554;1180161;-1
78;<class 'cv2.KeyPoint'>;(253.16876220703125, 439.0326843261719);2.319587469100952;301.4022216796875;0.035927291959524155;1770239;-1
79;<class 'cv2.KeyPoint'>;(288.3432922363281, 735.9966430664062);3.4514081478118896;141.4086151123047;0.03394834324717522;13829119;-1
80;<class 'cv2.KeyPoint'>;(619.1549682617188, 529.2415771484375);2.1045351028442383;126.61282348632812;0.03341897577047348;11469311;-1
81;<class 'cv2.KeyPoint'>;(619.1549682617188, 529.2415771484375);2.1045351028442383;289.4922790527344;0.03341897577047348;11469311;-1
82;<class 'cv2.KeyPoint'>;(580.7240600585938, 168.85922241210938);5.389434337615967;169.63534545898438;0.03350980952382088;12648960;-1
83;<class 'cv2.KeyPoint'>;(343.3740234375, 566.6947021484375);3.520056962966919;47.7567138671875;0.033664774149656296;15270911;-1
84;<class 'cv2.KeyPoint'>;(526.0654907226562, 286.3953857421875);2.7536609172821045;308.5279235839844;0.03385074436664581;14222079;-1
85;<class 'cv2.KeyPoint'>;(680.05126953125, 426.42144775390625);24.33180809020996;68.1470947265625;0.03385941684246063;4653826;-1
86;<class 'cv2.KeyPoint'>;(340.216552734375, 73.27151489257812);2.4156901836395264;299.842041015625;0.033900633454322815;4719359;-1
87;<class 'cv2.KeyPoint'>;(7.307915210723877, 346.1729736328125);2.0237979888916016;255.59378051757812;0.03385721892118454;8651263;-1
88;<class 'cv2.KeyPoint'>;(7.307915210723877, 346.1729736328125);2.0237979888916016;31.447479248046875;0.03385721892118454;8651263;-1
89;<class 'cv2.KeyPoint'>;(526.0654907226562, 286.3953857421875);2.7536609172821045;151.27993774414062;0.03385074436664581;14222079;-1
90;<class 'cv2.KeyPoint'>;(219.94056701660156, 652.299072265625);3.0159404277801514;287.35662841796875;0.03370804712176323;4064255;-1
91;<class 'cv2.KeyPoint'>;(325.2010498046875, 744.654541015625);2.5292928218841553;8.0093994140625;0.03360116109251976;8061695;-1
92;<class 'cv2.KeyPoint'>;(343.3740234375, 566.6947021484375);3.520056962966919;228.29443359375;0.033664774149656296;15270911;-1
93;<class 'cv2.KeyPoint'>;(580.7240600585938, 168.85922241210938);5.389434337615967;345.75494384765625;0.03350980952382088;12648960;-1
94;<class 'cv2.KeyPoint'>;(637.6270141601562, 349.63934326171875);5.979246139526367;166.8453369140625;0.03339711204171181;3408640;-1
95;<class 'cv2.KeyPoint'>;(14.135894775390625, 738.6041870117188);4.762484550476074;272.6042785644531;0.03333425521850586;3670528;-1
96;<class 'cv2.KeyPoint'>;(78.96571350097656, 160.6105499267578);3.4006359577178955;137.61700439453125;0.03327890485525131;12780543;-1
97;<class 'cv2.KeyPoint'>;(78.96571350097656, 160.6105499267578);3.4006359577178955;321.92193603515625;0.03327890485525131;12780543;-1
98;<class 'cv2.KeyPoint'>;(127.12808227539062, 703.302978515625);2.428431749343872;55.40692138671875;0.03324265033006668;5112575;-1
99;<class 'cv2.KeyPoint'>;(127.12808227539062, 703.302978515625);2.428431749343872;352.5316467285156;0.03324265033006668;5112575;-1

